#N	i	wi	ki	wi	ki	wi	ki
1	1	1	-0.68217989	1	-0.75582975	1	-0.83524216
2	1	0.34300999	-0.15792272	0.40384143	-0.24617443	0.50911474	-3.3725561
2	2	0.65699001	-3.1679746	0.59615857	-3.3297877	0.49088526	-0.38251978
3	1	0.1859979	-0.095713358	0.34006919	-11.23966	0.24421283	-11.163017
3	2	0.40533192	-0.652825	0.21943906	-0.15819081	0.46320037	-1.1248095
3	3	0.40867019	-11.592934	0.44049175	-0.84326549	0.29258681	-0.27847203
4	1	0.31122414	-2.2180093	0.35298039	-0.4710903	0.27310714	-3.03798
4	2	0.2565087	-36.863199	0.31157189	-2.4690214	0.18404135	-0.22827434
4	3	0.30726851	-0.36124237	0.13342557	-0.12209044	0.12861409	-31.256561
4	4	0.12499865	-0.074975046	0.20202215	-32.456128	0.41423743	-0.69313263
5	1	0.093574451	-0.06427667	0.20257441	-6.3179232	0.35260476	-0.50697951
5	2	0.24471975	-0.25665163	0.089423972	-0.10326207	0.29637607	-1.6236121
5	3	0.17295336	-88.646115	0.2972977	-1.2419097	0.075763701	-71.469532
5	4	0.27257923	-1.0881881	0.12886655	-76.538197	0.15676969	-7.2473023
5	5	0.2161732	-6.173362	0.28183737	-0.33265535	0.11848579	-0.19699698
6	1	0.23823524	-0.69280547	0.27227173	-0.79837121	0.051427187	-123.7188
6	2	0.13054795	-149.43602	0.092344536	-133.17982	0.096097929	-14.533119
6	3	0.073727134	-0.057211518	0.13348081	-13.398616	0.28861537	-0.40030698
6	4	0.14987383	-13.535788	0.063988018	-0.091515364	0.18718224	-3.407967
6	5	0.20640944	-2.6744728	0.21157412	-2.8465438	0.30028427	-1.0602628
6	6	0.20120641	-0.20216443	0.22634078	-0.26124634	0.076393007	-0.17459047
7	1	0.1932578	-1.568357	0.073057075	-187.53145	0.23065099	-0.33322331
7	2	0.20935733	-0.50501809	0.21029315	-1.6954277	0.28842585	-0.77487496
7	3	0.10753566	-24.390889	0.24426935	-0.58416768	0.12053075	-6.3541841
7	4	0.15211447	-5.5249558	0.048088112	-0.083392031	0.039157277	-174.77276
7	5	0.060078144	-0.052075471	0.092051388	-23.842881	0.063386122	-24.868901
7	6	0.17027241	-0.16910348	0.14752967	-5.6618564	0.20773021	-2.0499269
7	7	0.10738418	-205.39184	0.18471126	-0.21851563	0.050118799	-0.15822576
8	1	0.080500211	-38.094955	0.15447051	-3.2167673	0.032094761	-221.25717
8	2	0.093307783	-254.89688	0.15374137	-0.19035116	0.034174346	-0.14633337
8	3	0.18607206	-0.3993655	0.10528211	-9.9521234	0.044484683	-37.812382
8	4	0.050136841	-0.048119407	0.066760337	-37.108661	0.13987221	-3.6539155
8	5	0.14755261	-0.14693675	0.20267457	-1.1727886	0.21782198	-1.420116
8	6	0.17905399	-1.0765242	0.21791446	-0.46309785	0.1834734	-0.28919835
8	7	0.11361701	-9.912348	0.037472073	-0.077349018	0.26686626	-0.61223392
8	8	0.14975949	-3.0878316	0.061684573	-236.28861	0.08121236	-10.696453
9	1	0.062743525	-53.695935	0.050711998	-52.322127	0.024299499	-0.13746512
9	2	0.083994234	-298.56149	0.19485515	-0.38676106	0.15360093	-2.4432445
9	3	0.16751521	-0.33267484	0.029970479	-0.072598103	0.032895065	-52.63789
9	4	0.11588231	-5.423504	0.077722264	-15.785711	0.057335956	-16.507952
9	5	0.087051466	-15.891657	0.13029009	-0.17032929	0.24152769	-0.51069896
9	6	0.042572593	-0.044942143	0.19204012	-0.88904638	0.096427737	-6.0258497
9	7	0.14455516	-2.0338239	0.15608186	-2.1387113	0.21928226	-1.0769743
9	8	0.13018089	-0.13093292	0.054339719	-279.58453	0.02760612	-263.04335
9	9	0.16550461	-0.81232191	0.11398832	-5.5271786	0.14702474	-0.25879347
10	1	0.090950762	-8.6757633	0.049252469	-318.09638	0.024540036	-300.552
10	2	0.077417128	-337.23855	0.17525709	-0.33464668	0.21472324	-0.86810619
10	3	0.068562073	-23.32248	0.11889346	-3.5859349	0.11923221	-0.23663004
10	4	0.036629379	-0.042311917	0.18049591	-0.7159714	0.042247476	-23.690224
10	5	0.11533572	-3.4855578	0.11207505	-0.15526118	0.017894853	-0.13056067
10	6	0.050652347	-70.31106	0.15418488	-1.5671183	0.068895827	-9.2591037
10	7	0.15337529	-0.65202917	0.085948537	-8.7268654	0.10866183	-3.9418296
10	8	0.11639757	-0.11873801	0.040080999	-68.631674	0.16216811	-1.7964975
10	9	0.15264242	-0.28696365	0.024438681	-0.068715344	0.21621987	-0.44239938
10	10	0.13803731	-1.4814302	0.059372911	-23.046063	0.025416551	-68.577531
11	1	0.072534634	-371.72636	0.032743901	-85.367797	0.032319276	-32.027957
11	2	0.031845574	-0.040084318	0.066490979	-12.837331	0.051032987	-13.373886
11	3	0.13118646	-1.1539897	0.020226875	-0.065451914	0.19278013	-0.39361417
11	4	0.055426659	-31.947026	0.091592195	-5.5928331	0.020367337	-84.993278
11	5	0.10511971	-0.10906712	0.097561447	-0.14342102	0.078819608	-5.9885072
11	6	0.072765243	-12.860745	0.046795599	-31.496936	0.097898585	-0.2196791
11	7	0.14053774	-0.25365157	0.12093763	-2.5661766	0.20649195	-0.73027563
11	8	0.11303573	-2.4784664	0.15871207	-0.29685955	0.11797346	-2.8359391
11	9	0.042115445	-87.272396	0.045535335	-352.52972	0.0135381	-0.12495755
11	10	0.14286276	-0.54606933	0.16920131	-0.60130085	0.16645063	-1.4087674
11	11	0.092570055	-5.5121462	0.15020266	-1.2257392	0.022327935	-334.3051
12	1	0.13049375	-0.2282243	0.14468371	-0.26816399	0.17167919	-0.35680309
12	2	0.06876516	-402.71691	0.042703272	-383.52267	0.020708215	-363.84147
12	3	0.12456412	-0.94243482	0.14514402	-1.0041023	0.16742393	-1.1548143
12	4	0.027923538	-0.038164675	0.016942245	-0.062652148	0.010434045	-0.12022473
12	5	0.035881598	-104.13591	0.027488058	-102.07104	0.016876365	-100.99297
12	6	0.092564177	-3.8631227	0.095115823	-3.9440103	0.087113666	-4.2381106
12	7	0.059380735	-17.923875	0.052747228	-17.811551	0.039128165	-18.254007
12	8	0.075253554	-8.1560376	0.071878811	-8.2024109	0.058961413	-8.5946734
12	9	0.095667182	-0.10116622	0.085739868	-0.13381025	0.081171233	-0.2061006
12	10	0.10975884	-1.8882819	0.12094768	-1.9639528	0.12466713	-2.1740364
12	11	0.13388114	-0.47141924	0.15870131	-0.52049537	0.19624177	-0.63293219
12	12	0.045866208	-41.47225	0.037907968	-40.85894	0.025594877	-41.075224